1.0 15.9619
2.0 14.4545
3.0 14.656799999999999
4.0 13.318099999999998
5.0 11.9299
6.0 12.974499999999999
7.0 11.677100000000003
8.0 9.2437
9.0 9.369300000000003
10.0 11.5368
11.0 11.455499999999999
12.0 10.7236
13.0 13.2185
13.8468 3.593
14.0 9.4624
15.0 9.837399999999999
16.0 10.299599999999998
17.0 9.892600000000002
18.0 10.6914
19.0 11.168000000000001
20.0 9.036200000000001
21.0 9.490199999999998
22.0 9.001
23.0 10.7979
24.0 12.143200000000002
25.0 11.0532
26.0 11.926899999999998
27.0 11.3945
28.0 12.6605
29.0 12.658900000000003
29.8819 3.34
29.9389 2.739
30.0 8.587399999999999
31.0 8.1447
32.0 9.3953
33.0 10.1979
34.0 9.441999999999998
35.0 8.0283
36.0 11.453
37.0 11.512499999999998
38.0 12.4526
38.7354 2.593
39.0 10.156799999999999
40.0 10.314599999999999
40.7199 1.3639999999999999
40.8721 1.297
41.0 8.7799
41.1054 0.485
41.2348 0.534
41.2502 1.952
41.4629 1.035
41.594 1.021
41.885 1.293
42.0 4.9242
42.0542 0.299
42.1201 0.448
42.1971 0.422
42.9367 0.734
43.0 3.5799999999999996
43.1854 0.316
43.1959 0.34
43.285 0.47200000000000003
43.6945 1.153
43.7728 0.6859999999999999
43.8408 1.111
44.0 1.6109999999999998
44.1156 0.428
44.1602 0.475
44.4599 0.7150000000000001
45.0 1.1
45.0869 0.419
46.0 0.313
46.7452 1.034
47.0 0.0232
48.0 0.591
48.8761 1.383
